     0/299     2.44G    0.1265   0.05285   0.05631    0.2357        36       640         0         0 6.892e-06  8.21e-07    0.1252   0.04728   0.05647
     1/299     2.48G    0.1266   0.05291   0.05609    0.2356        30       640         0         0 7.222e-06 9.103e-07    0.1251   0.04709   0.05645
     2/299     2.48G    0.1262   0.05233   0.05629    0.2348        25       640         0         0 2.872e-06 3.367e-07    0.1251   0.04729   0.05645
     3/299     2.48G    0.1265   0.05257   0.05625    0.2353        27       640         0         0 2.051e-06  2.42e-07    0.1249   0.04748   0.05651
     4/299     2.48G    0.1264   0.05267    0.0562    0.2353        19       640         0         0 2.443e-06 4.886e-07    0.1251   0.04728    0.0565
     5/299     2.48G    0.1267   0.05291   0.05618    0.2358         7       640         0         0 5.445e-06 6.853e-07    0.1249   0.04742   0.05644
     6/299     2.48G    0.1265   0.05284   0.05624    0.2355        25       640         0         0 2.042e-06 3.566e-07    0.1249   0.04741   0.05637
     7/299     2.48G    0.1263   0.05208   0.05611    0.2345        21       640         0         0 4.485e-07 8.969e-08     0.125   0.04732   0.05644
     8/299     2.48G    0.1261   0.05356   0.05605    0.2357        35       640         0         0 2.623e-06 5.137e-07    0.1248   0.04749   0.05646
     9/299     2.48G    0.1264   0.05297   0.05621    0.2355        14       640         0         0  3.45e-06 5.152e-07    0.1248    0.0475   0.05644
    10/299     2.48G    0.1263   0.05305   0.05617    0.2356         9       640         0         0 3.624e-06 5.154e-07    0.1247   0.04759   0.05634
    11/299     2.48G    0.1263   0.05378   0.05608    0.2362        24       640         0         0 6.026e-06 8.178e-07    0.1247    0.0475   0.05636
    12/299     2.48G    0.1261   0.05323   0.05613    0.2355        30       640         0         0 2.086e-06 4.172e-07    0.1248   0.04751   0.05627
    13/299     2.48G    0.1262   0.05301   0.05601    0.2352        30       640         0         0 7.497e-06 9.321e-07    0.1247   0.04747   0.05633
    14/299     2.48G    0.1264   0.05365   0.05604    0.2361        19       640         0         0 1.515e-06 3.031e-07    0.1246   0.04761   0.05637
    15/299     2.48G    0.1263   0.05314   0.05611    0.2356        27       640         0         0 1.929e-06  2.41e-07    0.1247   0.04757   0.05629
    16/299     2.48G     0.126   0.05279   0.05598    0.2348        29       640         0         0 3.846e-06 4.362e-07    0.1247   0.04759   0.05629
    17/299     2.48G    0.1264   0.05333   0.05608    0.2358        17       640         0         0 6.438e-06 1.053e-06    0.1245    0.0477   0.05632
    18/299     2.48G    0.1262   0.05281   0.05605     0.235        26       640         0         0 2.905e-06 4.837e-07    0.1246   0.04759   0.05629
    19/299     2.48G     0.126   0.05288   0.05602    0.2349        31       640         0         0 1.265e-06 3.319e-07    0.1247   0.04742   0.05632
    20/299     2.48G    0.1261   0.05384   0.05607     0.236        35       640         0         0 5.486e-06 7.829e-07    0.1245   0.04772   0.05629
    21/299     2.48G    0.1259   0.05286   0.05601    0.2348        30       640         0         0 1.463e-06 2.925e-07    0.1246   0.04768   0.05625
    22/299     2.48G    0.1259   0.05345   0.05596    0.2353        31       640         0         0 4.728e-06 5.784e-07    0.1244   0.04772   0.05621
    23/299     2.48G     0.126   0.05306   0.05601     0.235        30       640         0         0 2.371e-06 3.639e-07    0.1244   0.04775   0.05624
    24/299     2.48G    0.1256   0.05296   0.05602    0.2346        19       640         0         0 5.444e-06 8.996e-07    0.1244   0.04768   0.05618
    25/299     2.48G    0.1257   0.05215   0.05596    0.2338        12       640         0         0  3.32e-06 3.727e-07    0.1245   0.04763   0.05622
    26/299     2.48G    0.1258   0.05357   0.05591    0.2353        42       640         0         0  2.34e-06 4.045e-07    0.1243   0.04774   0.05619
    27/299     2.48G    0.1259   0.05332   0.05585     0.235        34       640         0         0 8.742e-06 1.124e-06    0.1243   0.04776   0.05621
    28/299     2.48G    0.1259   0.05335    0.0558    0.2351        14       640         0         0 1.292e-05 2.313e-06    0.1243   0.04777   0.05624
    29/299     2.48G    0.1256   0.05368   0.05588    0.2352        27       640         0         0 5.786e-06 6.196e-07    0.1243   0.04771   0.05617
    30/299     2.48G    0.1261   0.05423   0.05584    0.2361        23       640         0         0 7.642e-06 7.642e-07    0.1241   0.04792   0.05616
    31/299     2.48G    0.1257   0.05304   0.05587    0.2346        41       640         0         0  6.45e-06 6.974e-07    0.1242    0.0477    0.0561
    32/299     2.48G    0.1257   0.05356   0.05585    0.2351        38       640         0         0 5.068e-06 7.055e-07    0.1242    0.0479   0.05612
    33/299     2.48G    0.1255   0.05312   0.05581    0.2345        54       640         0         0 6.576e-06 9.129e-07    0.1242   0.04769   0.05604
    34/299     2.48G    0.1257   0.05472   0.05591    0.2363        36       640         0         0 6.776e-06 7.071e-07     0.124   0.04804   0.05608
    35/299     2.48G    0.1255   0.05302   0.05587    0.2343        19       640         0         0 6.127e-06 6.538e-07    0.1241   0.04773   0.05614
    36/299     2.48G    0.1257   0.05362   0.05576     0.235        27       640         0         0 5.187e-06 5.628e-07    0.1241   0.04791   0.05608
    37/299     2.48G    0.1253   0.05351    0.0558    0.2346        17       640         0         0 6.183e-06 6.633e-07    0.1241   0.04784   0.05603
    38/299     2.48G    0.1253   0.05324   0.05575    0.2343        27       640         0         0 1.994e-06  2.46e-07    0.1241   0.04782   0.05603
    39/299     2.48G    0.1252   0.05299   0.05581    0.2341        19       640         0         0 5.167e-06 7.217e-07     0.124   0.04797   0.05604
    40/299     2.48G    0.1256   0.05347   0.05577    0.2348        31       640         0         0 5.307e-06 5.687e-07     0.124   0.04794   0.05609
    41/299     2.48G    0.1254   0.05462   0.05576    0.2358        15       640         0         0  1.77e-06  3.54e-07    0.1241   0.04778   0.05597
    42/299     2.48G    0.1254   0.05322   0.05574    0.2344        43       640         0         0 1.498e-06 1.919e-07     0.124   0.04789   0.05598
    43/299     2.48G    0.1253   0.05349   0.05583    0.2346        24       640         0         0 7.849e-06 9.759e-07    0.1238   0.04811   0.05607
    44/299     2.49G    0.1253   0.05438    0.0557    0.2354        27       640         0         0 4.578e-06 5.511e-07    0.1238   0.04814   0.05596
    45/299     2.49G    0.1255   0.05409   0.05581    0.2354        18       640         0         0 6.395e-06 8.728e-07    0.1236   0.04805   0.05595
    46/299     2.49G    0.1255   0.05441   0.05579    0.2357        31       640         0         0 7.872e-06 1.144e-06    0.1237   0.04812   0.05598
    47/299     2.49G    0.1255    0.0535   0.05574    0.2347        25       640         0         0 8.387e-06 8.754e-07    0.1237   0.04808     0.056
    48/299     2.49G     0.125   0.05307   0.05569    0.2337        24       640         0         0 9.175e-06 9.555e-07    0.1238   0.04802   0.05594
    49/299     2.49G    0.1253   0.05459    0.0556    0.2355         5       640         0         0 4.554e-06  4.89e-07    0.1236    0.0481   0.05592
    50/299     2.49G    0.1251   0.05371   0.05575    0.2345        25       640         0         0  5.39e-06 7.991e-07    0.1237   0.04797   0.05592
    51/299     2.49G    0.1252   0.05348    0.0557    0.2344        30       640         0         0 5.611e-06 7.644e-07    0.1236   0.04807   0.05589
    52/299     2.49G     0.125   0.05486   0.05561    0.2355        27       640         0         0 8.134e-06 9.716e-07    0.1236    0.0482   0.05587
    53/299     2.49G    0.1249   0.05384   0.05566    0.2344         9       640         0         0 5.797e-06 5.797e-07    0.1236   0.04813   0.05587
    54/299     2.49G    0.1251   0.05389   0.05566    0.2346        20       640         0         0 6.373e-06 6.789e-07    0.1236   0.04806    0.0559
    55/299     2.49G    0.1252   0.05363   0.05568    0.2345        36       640         0         0  7.44e-06 7.838e-07    0.1235   0.04824    0.0559
    56/299     2.49G     0.125   0.05426   0.05563    0.2349        19       640         0         0 4.673e-06 5.115e-07    0.1236   0.04815   0.05586
    57/299     2.49G     0.125   0.05421   0.05566    0.2349        43       640         0         0 7.627e-06 1.236e-06    0.1234   0.04815   0.05584
    58/299     2.49G     0.125   0.05387   0.05561    0.2345        25       640         0         0 4.836e-06 8.405e-07    0.1234   0.04835   0.05582
    59/299     2.49G    0.1249   0.05379   0.05559    0.2343        17       640         0         0 7.914e-06 7.914e-07    0.1235   0.04819    0.0558
    60/299     2.49G     0.125   0.05494   0.05558    0.2355        22       640         0         0 5.639e-06  7.33e-07    0.1234   0.04836   0.05582
    61/299     2.49G    0.1249   0.05365   0.05547     0.234        17       640         0         0 7.842e-06 9.969e-07    0.1233   0.04835    0.0558
    62/299     2.49G    0.1249   0.05375   0.05553    0.2342        27       640         0         0 5.351e-06  7.34e-07    0.1235   0.04819   0.05578
    63/299     2.49G    0.1247   0.05374   0.05543    0.2339        30       640         0         0 5.559e-06  5.99e-07    0.1232   0.04836   0.05582
    64/299     2.49G    0.1247   0.05363   0.05563    0.2339        22       640         0         0 5.685e-06 7.547e-07    0.1233   0.04838   0.05577
    65/299     2.49G    0.1248   0.05446   0.05554    0.2348        27       640         0         0  7.74e-06 1.073e-06    0.1233   0.04839   0.05575
    66/299     2.49G    0.1251    0.0554   0.05543    0.2359        37       640         0         0 1.131e-05 1.374e-06    0.1232   0.04835   0.05573
    67/299     2.49G    0.1248   0.05498   0.05554    0.2353        21       640         0         0 6.635e-06  6.94e-07    0.1233   0.04842   0.05576
    68/299     2.49G    0.1247   0.05365   0.05552    0.2339        35       640         0         0 2.941e-06 3.379e-07    0.1232   0.04835   0.05569
    69/299     2.49G    0.1247   0.05362   0.05554    0.2338        34       640         0         0 4.751e-06 5.092e-07    0.1232   0.04842   0.05572
    70/299     2.49G    0.1246   0.05462   0.05551    0.2348        28       640         0         0 1.043e-05  1.16e-06    0.1231   0.04845   0.05567
    71/299     2.49G    0.1247   0.05435   0.05556    0.2346        20       640         0         0 8.898e-06 1.122e-06    0.1231    0.0485   0.05572
    72/299     2.49G    0.1246   0.05434   0.05546    0.2344        38       640         0         0 4.792e-06 8.252e-07    0.1232   0.04834   0.05569
    73/299     2.49G    0.1245   0.05465   0.05547    0.2346        31       640         0         0 9.656e-06 1.011e-06    0.1231   0.04839   0.05565
    74/299     2.49G    0.1244   0.05472   0.05555    0.2347        51       640         0         0 5.679e-06 8.878e-07    0.1231   0.04846   0.05571
    75/299     2.49G    0.1242   0.05362   0.05547    0.2333        22       640         0         0 5.675e-06 7.877e-07    0.1231   0.04841   0.05565
    76/299     2.49G    0.1246   0.05464   0.05548    0.2347        21       640         0         0 8.518e-06 1.049e-06    0.1231   0.04841   0.05566
    77/299     2.49G    0.1246   0.05546    0.0555    0.2356        30       640         0         0 6.044e-06 9.873e-07     0.123   0.04852   0.05567
    78/299     2.49G    0.1242   0.05328   0.05533    0.2328        28       640         0         0 5.968e-06 5.968e-07     0.123   0.04847   0.05562
    79/299     2.49G    0.1242   0.05427   0.05536    0.2339        20       640         0         0 6.492e-06 7.853e-07     0.123   0.04849   0.05562
    80/299     2.49G    0.1244   0.05448   0.05539    0.2343        35       640         0         0 7.963e-06 1.256e-06    0.1228   0.04864   0.05559
    81/299     2.49G    0.1243   0.05473   0.05544    0.2345        33       640         0         0 7.378e-06 8.873e-07    0.1228   0.04868   0.05566
    82/299     2.49G    0.1242   0.05435   0.05544     0.234        26       640         0         0 6.864e-06 1.177e-06    0.1229   0.04853    0.0556
    83/299     2.49G    0.1243   0.05476   0.05539    0.2344        15       640         0         0 7.385e-06 9.025e-07    0.1228   0.04862   0.05565
    84/299     2.49G    0.1245   0.05472   0.05541    0.2346        31       640         0         0 7.483e-06 7.483e-07    0.1228   0.04862    0.0556
    85/299     2.49G    0.1242   0.05532   0.05532    0.2348        30       640         0         0 9.315e-06 1.628e-06    0.1229   0.04853   0.05558
    86/299     2.49G    0.1244   0.05495   0.05532    0.2347        50       640         0         0 1.496e-05 1.596e-06    0.1227   0.04868   0.05555
    87/299     2.49G    0.1244   0.05523    0.0554     0.235        23       640         0         0 5.952e-06 9.984e-07    0.1228   0.04865   0.05552
    88/299     2.49G    0.1241   0.05425    0.0553    0.2337        43       640         0         0 8.741e-06 8.991e-07    0.1226   0.04881   0.05559
    89/299     2.49G    0.1243    0.0548   0.05529    0.2344        38       640         0         0 1.223e-05 1.411e-06    0.1226   0.04873   0.05554
    90/299     2.49G     0.124   0.05399   0.05525    0.2332        26       640         0         0 5.222e-06 6.829e-07    0.1227   0.04864   0.05552
    91/299     2.49G    0.1242   0.05453   0.05541    0.2342        38       640         0         0 6.284e-06 7.892e-07    0.1227   0.04867   0.05555
    92/299     2.49G    0.1242   0.05496   0.05527    0.2344        24       640         0         0 6.248e-06 8.885e-07    0.1227   0.04866   0.05553
    93/299     2.49G    0.1242   0.05531   0.05534    0.2348        50       640         0         0 5.756e-06 8.646e-07    0.1227   0.04865   0.05551
    94/299     2.49G    0.1241   0.05519   0.05536    0.2346        37       640         0         0 9.628e-06  1.09e-06    0.1226   0.04877   0.05549
    95/299     2.49G    0.1241   0.05507   0.05522    0.2344        38       640         0         0  7.66e-06 7.927e-07    0.1226   0.04874    0.0555
    96/299     2.49G    0.1238   0.05466   0.05527    0.2337        22       640         0         0 8.272e-06 1.001e-06    0.1225    0.0488   0.05554
    97/299     2.49G     0.124   0.05526   0.05527    0.2345        32       640         0         0 1.089e-05 1.277e-06    0.1225   0.04882   0.05549
    98/299     2.49G     0.124   0.05395   0.05524    0.2332        30       640         0         0 8.078e-06 8.437e-07    0.1223   0.04899   0.05549
    99/299     2.49G    0.1239   0.05483   0.05529     0.234        48       640         0         0 9.179e-06 1.286e-06    0.1225   0.04882   0.05547
   100/299     2.49G     0.124   0.05521   0.05524    0.2344        25       640         0         0 9.025e-06 9.503e-07    0.1224   0.04887   0.05546
   101/299     2.49G    0.1238   0.05548   0.05524    0.2345        26       640         0         0 6.832e-06 1.087e-06    0.1225   0.04879   0.05546
   102/299     2.49G    0.1238    0.0551   0.05532    0.2342        18       640         0         0 7.031e-06 8.604e-07    0.1223   0.04897   0.05545
   103/299     2.49G    0.1235   0.05488   0.05523    0.2337        11       640         0         0 9.824e-06 1.132e-06    0.1223   0.04894    0.0554
   104/299     2.49G    0.1239   0.05518   0.05522    0.2343        11       640         0         0  8.61e-06 8.905e-07    0.1223   0.04892   0.05543
   105/299     2.49G    0.1239   0.05535    0.0552    0.2344        20       640         0         0  5.82e-06 7.902e-07    0.1224   0.04883   0.05539
   106/299     2.49G    0.1237   0.05436    0.0552    0.2332        16       640         0         0 6.409e-06 8.414e-07    0.1223   0.04902   0.05545
   107/299     2.49G    0.1236   0.05519   0.05518     0.234        30       640         0         0     9e-06 1.134e-06    0.1224   0.04887   0.05544
   108/299     2.49G    0.1239   0.05535   0.05511    0.2343        27       640         0         0 9.092e-06 1.341e-06    0.1223   0.04891   0.05539
   109/299     2.49G    0.1237   0.05492   0.05513    0.2337        26       640         0         0  5.79e-06 6.115e-07    0.1223   0.04896   0.05537
   110/299     2.49G    0.1235   0.05459   0.05523    0.2333        29       640         0         0  5.63e-06   5.9e-07    0.1222   0.04903    0.0554
   111/299     2.49G    0.1238   0.05487   0.05513    0.2338        20       640         0         0 6.207e-06 8.297e-07    0.1222   0.04906   0.05542
   112/299     2.49G    0.1236   0.05618   0.05514    0.2349        24       640         0         0 7.851e-06 8.131e-07    0.1222   0.04902   0.05537
   113/299     2.49G    0.1233     0.055   0.05511    0.2334        27       640         0         0 8.612e-06 1.017e-06    0.1222   0.04898   0.05537
   114/299     2.49G    0.1237   0.05552   0.05513    0.2344        21       640         0         0  8.53e-06 8.997e-07    0.1221   0.04907   0.05537
   115/299     2.49G    0.1237   0.05607   0.05515    0.2349        22       640         0         0 8.038e-06 1.161e-06    0.1222   0.04894    0.0553
   116/299     2.49G    0.1237   0.05467   0.05513    0.2335        20       640         0         0 8.194e-06 9.839e-07    0.1221     0.049   0.05537
   117/299     2.49G    0.1235   0.05531   0.05511    0.2339        20       640         0         0 8.292e-06 8.594e-07    0.1221    0.0491   0.05538
   118/299     2.49G    0.1233   0.05499   0.05503    0.2333        30       640         0         0 6.408e-06 1.036e-06    0.1221   0.04906   0.05533
   119/299     2.49G    0.1238   0.05559   0.05503    0.2344        19       640         0         0 4.797e-06 6.235e-07    0.1221   0.04909   0.05534
   120/299     2.49G    0.1236   0.05546   0.05505    0.2341        35       640         0         0 5.238e-06 9.105e-07     0.122   0.04914   0.05533
   121/299     2.49G    0.1234   0.05576    0.0551    0.2342        20       640         0         0 6.318e-06 6.588e-07    0.1219   0.04926   0.05528
   122/299     2.49G    0.1234   0.05525   0.05505    0.2337        19       640         0         0  6.59e-06 9.538e-07    0.1221   0.04899   0.05526
   123/299     2.49G    0.1236   0.05601   0.05493    0.2346        14       640         0         0 6.259e-06 6.546e-07    0.1219   0.04922   0.05533
   124/299     2.49G    0.1234   0.05554   0.05509     0.234        37       640         0         0 5.312e-06 5.658e-07     0.122   0.04917   0.05529
   125/299     2.49G    0.1232   0.05569    0.0551     0.234        24       640         0         0 6.631e-06 7.889e-07    0.1219   0.04926   0.05531
   126/299     2.49G    0.1232   0.05495   0.05499    0.2332        42       640         0         0 5.119e-06 6.343e-07    0.1219   0.04918   0.05526
   127/299     2.49G    0.1234   0.05502   0.05505    0.2334        34       640         0         0 7.143e-06 7.143e-07    0.1219   0.04925   0.05528
   128/299     2.49G    0.1232   0.05425   0.05502    0.2325        32       640         0         0 6.015e-06 8.504e-07    0.1219   0.04923   0.05529
   129/299     2.49G    0.1232   0.05492   0.05505    0.2331        23       640         0         0 5.378e-06 5.378e-07    0.1218   0.04933   0.05525
   130/299     2.49G    0.1231   0.05596   0.05501    0.2341        22       640         0         0 6.114e-06 7.704e-07    0.1218   0.04927   0.05527
   131/299     2.49G    0.1232   0.05546   0.05501    0.2337        17       640         0         0 9.261e-06 9.773e-07    0.1218   0.04929   0.05524
   132/299     2.49G    0.1236   0.05574   0.05505    0.2344        22       640         0         0 8.579e-06 9.294e-07    0.1219    0.0492   0.05522
   133/299     2.49G     0.123   0.05556   0.05501    0.2335        33       640         0         0 5.715e-06 5.715e-07    0.1217    0.0494   0.05527
   134/299     2.49G    0.1232   0.05539   0.05499    0.2336        22       640         0         0  7.11e-06 9.291e-07    0.1218   0.04929   0.05523
   135/299     2.49G    0.1232    0.0546   0.05495    0.2327        29       640         0         0 1.016e-05 1.176e-06    0.1218   0.04919   0.05524
   136/299     2.49G    0.1232   0.05541   0.05489    0.2335        26       640         0         0 9.165e-06 9.165e-07    0.1216   0.04946   0.05519
   137/299     2.49G    0.1231   0.05515    0.0551    0.2333        30       640         0         0 6.508e-06 6.508e-07    0.1217   0.04937   0.05522
   138/299     2.49G    0.1233   0.05604   0.05498    0.2343        31       640         0         0 3.992e-06 4.256e-07    0.1217    0.0494   0.05522
   139/299     2.49G    0.1231   0.05583   0.05495    0.2338        24       640         0         0 7.189e-06 9.181e-07    0.1217   0.04939    0.0552
   140/299     2.49G    0.1229   0.05647   0.05501    0.2344        30       640         0         0  6.47e-06 7.205e-07    0.1216   0.04946   0.05521
   141/299     2.49G    0.1229   0.05516    0.0549     0.233        15       640         0         0 5.743e-06 6.011e-07    0.1216    0.0494   0.05521
   142/299     2.49G    0.1231    0.0561   0.05494    0.2342        30       640         0         0 8.214e-06 8.554e-07    0.1217   0.04925   0.05516
   143/299     2.49G    0.1234   0.05694   0.05498    0.2354        46       640         0         0 8.529e-06 8.529e-07    0.1216   0.04947   0.05519
   144/299     2.49G     0.123   0.05572   0.05486    0.2336        16       640         0         0 6.424e-06 6.424e-07    0.1216   0.04946   0.05511
   145/299     2.49G    0.1233   0.05597   0.05489    0.2341        12       640         0         0 8.294e-06 8.587e-07    0.1215   0.04945   0.05515
   146/299     2.49G    0.1229   0.05497     0.055    0.2328        15       640         0         0 5.015e-06 5.015e-07    0.1216   0.04944   0.05517
   147/299     2.49G     0.123   0.05601   0.05489    0.2339        28       640         0         0 6.303e-06 6.985e-07    0.1216   0.04938   0.05516
   148/299     2.49G    0.1232   0.05641   0.05493    0.2345        40       640         0         0 6.158e-06 8.427e-07    0.1215   0.04942   0.05515
   149/299     2.49G    0.1226   0.05463   0.05503    0.2323        22       640         0         0 6.504e-06 6.504e-07    0.1215   0.04947   0.05511
   150/299     2.49G    0.1231   0.05611   0.05487    0.2341        32       640         0         0 7.189e-06 7.903e-07    0.1216   0.04939   0.05515
   151/299     2.49G    0.1231   0.05657   0.05492    0.2346        43       640         0         0 5.996e-06 7.538e-07    0.1215   0.04946   0.05512
   152/299     2.49G    0.1229   0.05501   0.05498    0.2329        21       640         0         0 6.818e-06 7.105e-07    0.1214   0.04957   0.05511
   153/299     2.49G    0.1229    0.0565   0.05487    0.2343        24       640         0         0 6.604e-06  7.38e-07    0.1215   0.04944    0.0551
   154/299     2.49G    0.1226   0.05562   0.05488    0.2331        39       640         0         0 5.444e-06 5.444e-07    0.1215   0.04949    0.0551
   155/299     2.49G    0.1229   0.05636   0.05483    0.2341        28       640         0         0  6.43e-06 7.128e-07    0.1215   0.04946    0.0551
   156/299     2.49G     0.123   0.05685   0.05487    0.2347        38       640         0         0 8.952e-06 9.407e-07    0.1214   0.04957   0.05508
   157/299     2.49G    0.1227   0.05605   0.05484    0.2336        32       640         0         0 5.566e-06 6.028e-07    0.1214   0.04959    0.0551
   158/299     2.49G     0.123   0.05715   0.05491     0.235        14       640         0         0 8.156e-06 8.854e-07    0.1213   0.04963   0.05509
   159/299     2.49G    0.1228   0.05656   0.05493    0.2343        37       640         0         0 5.898e-06 6.213e-07    0.1214   0.04959   0.05508
   160/299     2.49G    0.1229   0.05623   0.05488     0.234        11       640         0         0 6.347e-06 6.347e-07    0.1214   0.04951   0.05509
   161/299     2.49G    0.1229   0.05684   0.05486    0.2346        27       640         0         0 5.974e-06 6.279e-07    0.1214   0.04957   0.05509
   162/299     2.49G     0.123     0.057   0.05492    0.2349         8       640         0         0 6.222e-06 1.244e-06    0.1213   0.04958   0.05508
   163/299     2.49G    0.1228    0.0558   0.05486    0.2334        27       640         0         0 8.841e-06 1.022e-06    0.1213   0.04958   0.05506
   164/299     2.49G    0.1225   0.05579   0.05487    0.2331        28       640         0         0 5.369e-06 5.822e-07    0.1213   0.04968   0.05508
   165/299     2.49G    0.1231   0.05677   0.05484    0.2347        43       640         0         0 3.487e-06 3.948e-07    0.1212   0.04969   0.05507
   166/299     2.49G    0.1227   0.05611   0.05479    0.2336        20       640         0         0 5.333e-06 5.333e-07    0.1212   0.04967   0.05508
   167/299     2.49G    0.1229   0.05613   0.05491    0.2339        33       640         0         0 5.733e-06 6.244e-07    0.1213   0.04962   0.05507
   168/299     2.49G    0.1229   0.05566   0.05484    0.2334        37       640         0         0  7.33e-06 9.248e-07    0.1212   0.04974   0.05506
   169/299     2.49G     0.123    0.0566   0.05482    0.2344        47       640         0         0 7.159e-06 9.459e-07    0.1213    0.0496   0.05506
   170/299     2.49G    0.1227   0.05677   0.05489    0.2344        16       640         0         0 6.166e-06  6.88e-07    0.1214   0.04952   0.05506
   171/299     2.49G    0.1225   0.05508   0.05487    0.2325        12       640         0         0 3.832e-06 3.832e-07    0.1212   0.04969   0.05505
   172/299     2.49G    0.1227   0.05578   0.05483    0.2333        24       640         0         0 5.227e-06 5.227e-07    0.1212   0.04972   0.05502
   173/299     2.49G    0.1227   0.05688   0.05481    0.2344        48       640         0         0 6.707e-06 7.123e-07    0.1211   0.04975   0.05505
   174/299     2.49G    0.1225   0.05633   0.05484    0.2336        13       640         0         0 5.922e-06 8.538e-07    0.1212   0.04963   0.05502
   175/299     2.49G    0.1227   0.05572   0.05473    0.2332        34       640         0         0 5.925e-06 6.763e-07    0.1212   0.04975   0.05504
   176/299     2.49G    0.1226   0.05618   0.05469    0.2334        29       640         0         0 5.282e-06 5.995e-07    0.1212   0.04971     0.055
   177/299     2.49G    0.1225    0.0558   0.05479    0.2331        15       640         0         0 5.407e-06 5.878e-07    0.1211   0.04972   0.05501
   178/299     2.49G    0.1227   0.05655    0.0548     0.234        34       640         0         0 9.602e-06 1.002e-06    0.1211   0.04978   0.05502
   179/299     2.49G    0.1228   0.05612   0.05479    0.2337        38       640         0         0 5.263e-06 5.936e-07    0.1211   0.04981     0.055
   180/299     2.49G    0.1225   0.05606   0.05474    0.2333        18       640         0         0 5.367e-06 5.367e-07    0.1212   0.04966   0.05499
   181/299     2.49G    0.1228   0.05651   0.05479    0.2341        56       640         0         0 6.508e-06 8.411e-07    0.1211   0.04972   0.05498
   182/299     2.49G    0.1225    0.0565   0.05476    0.2338        31       640         0         0 6.483e-06 6.483e-07    0.1211   0.04973   0.05496
   183/299     2.49G    0.1225   0.05666   0.05477    0.2339        21       640         0         0 5.441e-06 6.105e-07     0.121   0.04981   0.05501
   184/299     2.49G    0.1223    0.0563   0.05475    0.2334        42       640         0         0 5.787e-06 6.241e-07     0.121   0.04988   0.05501
   185/299     2.49G    0.1225   0.05627   0.05475    0.2336        22       640         0         0 5.963e-06  6.41e-07     0.121   0.04979   0.05499
   186/299     2.49G    0.1224    0.0563   0.05479    0.2335        34       640         0         0 6.374e-06 6.801e-07    0.1211   0.04982   0.05498
   187/299     2.49G    0.1226   0.05594   0.05481    0.2333        45       640         0         0  3.38e-06 3.825e-07    0.1211   0.04972     0.055
   188/299     2.49G    0.1225    0.0551   0.05476    0.2324        23       640         0         0 5.628e-06 5.628e-07     0.121   0.04983     0.055
   189/299     2.49G    0.1227   0.05617    0.0548    0.2336        22       640         0         0 7.604e-06 1.183e-06     0.121   0.04984   0.05499
   190/299     2.49G    0.1224   0.05669   0.05478    0.2339        15       640         0         0 6.545e-06 7.628e-07    0.1211   0.04979   0.05496
   191/299     2.49G    0.1224   0.05716   0.05471    0.2342        43       640         0         0 7.217e-06 7.742e-07     0.121   0.04983   0.05497
   192/299     2.49G    0.1225     0.057   0.05481    0.2343        12       640         0         0 4.375e-06 4.771e-07    0.1209   0.04987   0.05495
   193/299     2.49G    0.1222   0.05593   0.05472    0.2329        32       640         0         0 5.638e-06 6.069e-07     0.121    0.0499   0.05497
   194/299     2.49G    0.1226   0.05638   0.05469    0.2337        12       640         0         0  8.31e-06  8.76e-07     0.121   0.04984   0.05498
   195/299     2.49G    0.1224   0.05639   0.05479    0.2336        23       640         0         0 3.882e-06  4.31e-07    0.1209   0.04991   0.05496
   196/299     2.49G    0.1222   0.05521   0.05474    0.2322        20       640         0         0 6.105e-06 6.105e-07    0.1209   0.04988   0.05495
   197/299     2.49G    0.1221   0.05659   0.05478    0.2335        31       640         0         0 4.764e-06 5.243e-07     0.121   0.04988   0.05494
   198/299     2.49G    0.1226   0.05745    0.0547    0.2348        55       640         0         0  7.23e-06  7.67e-07    0.1209   0.04998   0.05495
   199/299     2.49G    0.1224   0.05671   0.05474    0.2338        26       640         0         0 7.948e-06 8.382e-07    0.1209   0.04991   0.05494
   200/299     2.49G    0.1224   0.05616    0.0547    0.2333        29       640         0         0 5.012e-06  5.42e-07     0.121   0.04982   0.05492
   201/299     2.49G    0.1222   0.05612   0.05473    0.2331        41       640         0         0 5.872e-06 6.438e-07    0.1208   0.04996    0.0549
   202/299     2.49G    0.1222   0.05662   0.05469    0.2335        30       640         0         0 6.459e-06 6.867e-07    0.1209    0.0499   0.05492
   203/299     2.49G    0.1223   0.05573   0.05466    0.2327        25       640         0         0 6.346e-06 6.904e-07    0.1209   0.04993   0.05492
   204/299     2.49G    0.1226   0.05656   0.05469    0.2339        29       640         0         0 3.978e-06 4.418e-07    0.1208   0.04996   0.05492
   205/299     2.49G    0.1224    0.0568    0.0547    0.2339        32       640         0         0 3.642e-06 4.133e-07    0.1208      0.05   0.05491
   206/299     2.49G    0.1223   0.05718   0.05477    0.2343        16       640         0         0 6.933e-06 7.369e-07    0.1208   0.04993   0.05492
   207/299     2.49G    0.1223   0.05695   0.05465    0.2339        14       640         0         0  5.97e-06 6.381e-07    0.1208   0.04997   0.05495
   208/299     2.49G    0.1221   0.05686   0.05467    0.2336        45       640         0         0 7.326e-06 8.086e-07    0.1208   0.04996    0.0549
   209/299     2.49G    0.1224   0.05709   0.05471    0.2342        19       640         0         0 4.293e-06 4.695e-07    0.1208   0.04999   0.05494
   210/299     2.49G    0.1222   0.05596   0.05473    0.2329        18       640         0         0 4.043e-06 7.338e-07    0.1208   0.04999   0.05491
   211/299     2.49G    0.1222   0.05671   0.05468    0.2336        19       640         0         0 4.068e-06 4.473e-07    0.1208   0.04992   0.05489
   212/299     2.49G    0.1222   0.05658   0.05476    0.2336        17       640         0         0 4.729e-06 5.136e-07    0.1208   0.05003   0.05495
   213/299     2.49G    0.1223   0.05645   0.05466    0.2334        23       640         0         0 4.766e-06 5.479e-07    0.1208   0.04994    0.0549
   214/299     2.49G    0.1223   0.05692   0.05467    0.2339        12       640         0         0  4.38e-06 4.795e-07    0.1207   0.05004   0.05489
   215/299     2.49G    0.1224   0.05765   0.05474    0.2348        34       640         0         0 7.134e-06 7.589e-07    0.1208   0.05001    0.0549
   216/299     2.49G    0.1222   0.05739   0.05474    0.2343        21       640         0         0 4.904e-06   5.4e-07    0.1207   0.05005   0.05487
   217/299     2.49G     0.122   0.05644   0.05473    0.2332        28       640         0         0 6.373e-06 7.411e-07    0.1206   0.05012   0.05488
   218/299     2.49G     0.122   0.05652   0.05473    0.2332        25       640         0         0 4.591e-06 5.027e-07    0.1207   0.05006   0.05487
   219/299     2.49G    0.1223   0.05699   0.05468     0.234        41       640         0         0 6.177e-06 6.589e-07    0.1207   0.05007   0.05489
   220/299     2.49G     0.122   0.05622    0.0547     0.233        36       640         0         0 5.121e-06 5.536e-07    0.1207   0.05006   0.05486
   221/299     2.49G    0.1222   0.05705   0.05464    0.2339        30       640         0         0 7.146e-06 7.553e-07    0.1207   0.05007   0.05487
   222/299     2.49G    0.1222   0.05678   0.05466    0.2337        25       640         0         0 7.431e-06 7.824e-07    0.1207   0.05002   0.05489
   223/299     2.49G    0.1223   0.05728   0.05474    0.2343        19       640         0         0 5.168e-06 5.572e-07    0.1207   0.05007    0.0549
   224/299     2.49G    0.1221   0.05649   0.05464    0.2332        18       640         0         0 6.354e-06 6.752e-07    0.1208   0.04999   0.05488
   225/299     2.49G    0.1222   0.05777   0.05465    0.2346        20       640         0         0 2.958e-06 3.387e-07    0.1207   0.05008   0.05486
   226/299     2.49G     0.122   0.05662   0.05462    0.2333        16       640         0         0 7.102e-06 7.569e-07    0.1207   0.05009   0.05486
   227/299     2.49G    0.1218   0.05636   0.05459    0.2328        31       640         0         0 3.532e-06 3.944e-07    0.1207   0.05005   0.05486
   228/299     2.49G    0.1222   0.05781   0.05463    0.2346        22       640         0         0 5.292e-06 5.741e-07    0.1207   0.05006   0.05484
   229/299     2.49G    0.1223   0.05701   0.05464     0.234        14       640         0         0 4.244e-06 5.298e-07    0.1207   0.05008   0.05484
   230/299     2.49G    0.1222   0.05791   0.05471    0.2348        18       640         0         0 5.764e-06 6.453e-07    0.1207   0.05004   0.05484
   231/299     2.49G    0.1223   0.05783   0.05463    0.2348        17       640         0         0 5.277e-06 5.702e-07    0.1207   0.05001   0.05486
   232/299     2.49G    0.1221   0.05669   0.05461    0.2334        17       640         0         0 6.701e-06 7.149e-07    0.1207   0.04999   0.05485
   233/299     2.49G    0.1222   0.05708   0.05466    0.2339        13       640         0         0 3.952e-06 4.365e-07    0.1206   0.05011   0.05485
   234/299     2.49G    0.1221    0.0578   0.05461    0.2345        32       640         0         0 6.129e-06 6.535e-07    0.1206   0.05007   0.05482
   235/299     2.49G    0.1221   0.05707   0.05451    0.2337        27       640         0         0 4.632e-06 5.062e-07    0.1206   0.05013   0.05483
   236/299     2.49G    0.1219   0.05662   0.05462    0.2331        25       640         0         0 4.021e-06 7.732e-07    0.1206   0.05013   0.05482
   237/299     2.49G     0.122   0.05754   0.05459    0.2341        33       640         0         0 4.237e-06 4.673e-07    0.1205    0.0502   0.05485
   238/299     2.49G    0.1221   0.05783   0.05455    0.2345        40       640         0         0 3.575e-06 4.021e-07    0.1206   0.05016   0.05483
   239/299     2.49G    0.1223    0.0583   0.05459    0.2352        22       640         0         0 6.817e-06 7.499e-07    0.1205    0.0502   0.05483
   240/299     2.49G     0.122   0.05779   0.05461    0.2344        37       640         0         0  7.05e-06 7.713e-07    0.1205    0.0502   0.05483
   241/299     2.49G    0.1221   0.05694   0.05466    0.2337        33       640         0         0 3.581e-06 4.474e-07    0.1206   0.05011   0.05483
   242/299     2.49G    0.1219   0.05742   0.05458    0.2339         8       640         0         0  4.73e-06  5.17e-07    0.1206   0.05014   0.05482
   243/299     2.49G    0.1221   0.05688   0.05458    0.2335        18       640         0         0 6.446e-06 6.893e-07    0.1205   0.05016   0.05482
   244/299     2.49G    0.1219   0.05722   0.05466    0.2338        24       640         0         0 4.269e-06 4.953e-07    0.1206   0.05017   0.05481
   245/299     2.49G    0.1221   0.05691   0.05461    0.2336        36       640         0         0 4.132e-06 4.531e-07    0.1205   0.05019   0.05483
   246/299     2.49G    0.1218   0.05685   0.05457    0.2332        33       640         0         0 4.569e-06 4.995e-07    0.1205   0.05018    0.0548
   247/299     2.49G    0.1221   0.05724   0.05461    0.2339        10       640         0         0 4.601e-06  5.03e-07    0.1205   0.05018    0.0548
   248/299     2.49G    0.1218   0.05619   0.05461    0.2326        25       640         0         0 3.324e-06 3.741e-07    0.1205   0.05019   0.05483
   249/299     2.49G    0.1222   0.05753   0.05464    0.2343        14       640         0         0 3.657e-06  4.07e-07    0.1205    0.0502   0.05482
   250/299     2.49G    0.1219   0.05676   0.05459    0.2333        10       640         0         0 5.092e-06 6.133e-07    0.1205   0.05016    0.0548
   251/299     2.49G    0.1221   0.05762   0.05459    0.2343        34       640         0         0 4.873e-06 5.271e-07    0.1205   0.05019   0.05481
   252/299     2.49G    0.1218   0.05718   0.05465    0.2337        18       640         0         0 4.401e-06  4.85e-07    0.1205   0.05019    0.0548
   253/299     2.49G    0.1221    0.0573   0.05459    0.2339        21       640         0         0 7.582e-06 8.274e-07    0.1205   0.05015   0.05478
   254/299     2.49G    0.1219   0.05717   0.05456    0.2336        25       640         0         0  3.99e-06 4.461e-07    0.1204   0.05023   0.05477
   255/299     2.49G    0.1217   0.05654   0.05461    0.2329        19       640         0         0 5.896e-06 6.323e-07    0.1205   0.05018   0.05479
   256/299     2.49G    0.1219   0.05711   0.05457    0.2336        38       640         0         0 4.328e-06 4.727e-07    0.1205   0.05024   0.05481
   257/299     2.49G    0.1219   0.05674   0.05455    0.2332        12       640         0         0 4.794e-06 5.209e-07    0.1205    0.0502   0.05479
   258/299     2.49G    0.1221   0.05785   0.05452    0.2345        31       640         0         0 4.729e-06 8.563e-07    0.1205   0.05022   0.05482
   259/299     2.49G    0.1222   0.05708   0.05456    0.2338        33       640         0         0  8.14e-06 1.299e-06    0.1205   0.05021   0.05481
   260/299     2.49G    0.1219   0.05629   0.05457    0.2327        10       640         0         0 6.279e-06 6.741e-07    0.1204   0.05025   0.05477
   261/299     2.49G     0.122   0.05768   0.05455    0.2342        23       640         0         0 3.704e-06 4.121e-07    0.1204   0.05023    0.0548
   262/299     2.49G    0.1219   0.05646   0.05448    0.2328        54       640         0         0 6.259e-06 6.709e-07    0.1204   0.05026   0.05479
   263/299     2.49G    0.1222   0.05797   0.05453    0.2347        22       640         0         0 7.115e-06 7.564e-07    0.1204   0.05025   0.05478
   264/299     2.49G    0.1219   0.05652   0.05458     0.233        34       640         0         0 4.977e-06 8.857e-07    0.1204   0.05023   0.05478
   265/299     2.49G    0.1217   0.05712   0.05464    0.2334        21       640         0         0 3.815e-06 4.241e-07    0.1204   0.05025    0.0548
   266/299     2.49G    0.1219    0.0576   0.05456     0.234        27       640         0         0 4.471e-06 8.682e-07    0.1204   0.05024   0.05479
   267/299     2.49G    0.1219    0.0573   0.05458    0.2338        36       640         0         0 3.985e-06 4.427e-07    0.1204   0.05023   0.05476
   268/299     2.49G    0.1219   0.05683   0.05451    0.2332        18       640         0         0 3.787e-06 4.193e-07    0.1204   0.05025   0.05477
   269/299     2.49G    0.1216   0.05729   0.05461    0.2335        13       640         0         0 4.684e-06 5.804e-07    0.1205   0.05021   0.05477
   270/299     2.49G    0.1219    0.0578   0.05465    0.2344        19       640         0         0  4.44e-06 4.862e-07    0.1204   0.05021   0.05475
   271/299     2.49G    0.1216    0.0564   0.05458    0.2326        37       640         0         0  3.85e-06 4.278e-07    0.1204   0.05033   0.05478
   272/299     2.49G    0.1221   0.05806   0.05454    0.2347        39       640         0         0 3.908e-06 4.329e-07    0.1204    0.0503   0.05478
   273/299     2.49G     0.122   0.05683    0.0546    0.2335        21       640         0         0 6.517e-06 6.914e-07    0.1204   0.05032   0.05477
   274/299     2.49G    0.1219    0.0576   0.05455    0.2341        26       640         0         0 6.323e-06 6.753e-07    0.1204   0.05032   0.05475
   275/299     2.49G    0.1218   0.05687   0.05462    0.2333        22       640         0         0 4.425e-06  4.83e-07    0.1204   0.05029   0.05477
   276/299     2.49G    0.1221   0.05722   0.05453    0.2338        44       640         0         0 3.502e-06  3.92e-07    0.1204   0.05028   0.05475
   277/299     2.49G     0.122    0.0579   0.05457    0.2345        30       640         0         0 4.988e-06 5.422e-07    0.1204   0.05025   0.05477
   278/299     2.49G    0.1216   0.05687   0.05453     0.233        30       640         0         0 4.494e-06 4.908e-07    0.1204   0.05032   0.05476
   279/299     2.49G    0.1217   0.05687   0.05455    0.2331        22       640         0         0 3.023e-06 3.473e-07    0.1204   0.05029   0.05475
   280/299     2.49G    0.1216    0.0569   0.05454     0.233        29       640         0         0 4.499e-06 4.929e-07    0.1204   0.05029   0.05475
   281/299     2.49G    0.1218   0.05612   0.05458    0.2325        21       640         0         0 5.186e-06 9.212e-07    0.1203   0.05032   0.05478
   282/299     2.49G    0.1218   0.05746   0.05451    0.2337        19       640         0         0 4.155e-06 4.594e-07    0.1204   0.05028   0.05473
   283/299     2.49G     0.122   0.05759   0.05452    0.2341        43       640         0         0 4.701e-06 5.108e-07    0.1203   0.05032   0.05477
   284/299     2.49G    0.1218    0.0575   0.05452    0.2339        21       640         0         0 3.897e-06 4.635e-07    0.1203   0.05031   0.05475
   285/299     2.49G    0.1218   0.05745   0.05453    0.2338        18       640         0         0 4.543e-06 4.944e-07    0.1203   0.05034   0.05477
   286/299     2.49G    0.1217   0.05716   0.05458    0.2334        26       640         0         0 6.221e-06 6.646e-07    0.1204   0.05024   0.05472
   287/299     2.49G    0.1218   0.05694   0.05441    0.2331        39       640         0         0 4.506e-06 4.931e-07    0.1203   0.05035   0.05475
   288/299     2.49G    0.1218   0.05842   0.05451    0.2347        43       640         0         0 5.039e-06 5.465e-07    0.1203   0.05032   0.05474
   289/299     2.49G    0.1217   0.05728   0.05452    0.2335        51       640         0         0 4.101e-06 4.525e-07    0.1203   0.05037   0.05474
   290/299     2.49G    0.1218   0.05719    0.0545    0.2335        18       640         0         0  5.68e-06 6.105e-07    0.1203   0.05032   0.05475
   291/299     2.49G    0.1217   0.05816   0.05463    0.2345        36       640         0         0 3.507e-06 3.919e-07    0.1203   0.05031   0.05475
   292/299     2.49G    0.1218   0.05887   0.05446    0.2351        41       640         0         0   4.3e-06 8.352e-07    0.1203   0.05031   0.05475
   293/299     2.49G    0.1218     0.057   0.05448    0.2333        13       640         0         0 4.486e-06 4.919e-07    0.1203   0.05033   0.05474
   294/299     2.49G    0.1217   0.05766   0.05456    0.2339        21       640         0         0 7.093e-06 7.498e-07    0.1203   0.05038   0.05475
   295/299     2.49G    0.1219   0.05723   0.05448    0.2336        37       640         0         0 4.333e-06 4.756e-07    0.1203   0.05033   0.05472
   296/299     2.49G    0.1216   0.05776   0.05455     0.234        17       640         0         0 3.871e-06 4.956e-07    0.1203   0.05033   0.05472
   297/299     2.49G    0.1216   0.05765   0.05448    0.2338        19       640         0         0 3.704e-06 4.133e-07    0.1203   0.05035   0.05473
   298/299     2.49G    0.1217   0.05695   0.05456    0.2332        41       640         0         0 4.348e-06 4.774e-07    0.1203   0.05031   0.05472
   299/299     2.49G     0.122   0.05772    0.0545    0.2342        30       640         0         0 3.187e-06 3.597e-07    0.1203   0.05037   0.05474
